26 20 32 19 31 24 32 28 25 25 21 17 29 32 29 22 27 31 32 26 19 25 20 22 25 24 29 35 24 27 30 26 18 20 20 34 26 25 17 16 26 26 22 27 25 30 29 24 20 26 25 28 27 25 27 26 17 23 22 26 20 27 22 25 29 22 26 23 23 26 17 23 24 27 25 27 26 25 29 20 30 26 17 30 24 29 31 20 26 32 20 21 25 27 31 20 19 28 22 26 25 28 26 32 24 19 27 25 22 27 27 23 26 29 24 26 26 31 25 30 24 24 27 27 24 27 24 27 28 22 27 22 31 18 28 29 27 20 22 25 17 19 28 31 31 32 31 25 22 21 31 26 27 27 27 24 23 21 26 27 19 31 30 29 25 25 26 26 32 27 22 24 32 23 28 24 31 26 32 23 23 24 32 27 25 27 28 24 18 24 24 25 26 30 18 25 20 26 23 26 26 21 30 26 28 22 24 28 23 28 33 14 26 28 31 25 17 25 28 31 29 25 30 27 26 31 25 27 25 25 22 32 29 26 29 27 27 31 22 21 28 17 24 25 21 22 19 24 25 20 25 27 19 28 28 16 25 33 28 27 23 23 23 26 21 27 24 28 30 27 30 29 28 33 21 27 28 24 29 30 25 26 23 27 24 24 22 26 33 22 18 28 33 19 25 24 30 33 21 28 30 31 41 22 20 27 27 30 29 26 26 25 28 29 33 31 28 32 29 30 29 31 26 24 29 22 31 18 24 29 27 26 29 34 39 23 27 27 25 28 29 20 30 28 28 23 29 24 21 23 27 22 15 24 23 16 27 30 25 26 26 25 19 23 28 27 25 27 28 27 29 28 25 30 25 28 26 25 28 21 23 25 28 24 22 22 19 25 18 27 28 27 25 29 26 33 23 23 23 21 25 21 24 28 23 28 26 29 29 22 19 30 28 31 32 23 17 14 25 24 31 24 21 31 36 30 31 21 29 21 22 18 26 26 24 23 36 24 29 20 34 24 23 24 22 28 24 24 28 30 23 26 35 30 21 21 29 31 24 22 26 25 27 22 26 32 27 26 26 26 33 21 30 19 23 25 28 24 30 26 24 31 25 28 24 14 25 28 22 27 16 31 23 28 32 28 28 29 23 27 23 28 24 27 20 19 25 22 23 25 25 28 24 33 24 17 30 27 23 23 21 24 24 23 33 26 28 25 27 30 21 24 29 30 29 25 22 29 26 30 25 27 30 25 17 24 26 31 22 25 29 38 28 31 25 27 24 26 20 26 21 28 27 27 27 22 25 23 24 13 29 30 23 23 20 28 27 24 27 32 25 22 21 28 20 30 29 24 27 36 23 33 20 20 21 21 18 24 23 21 22 27 24 29 30 23 22 25 27 29 28 27 28 31 30 30 27 20 29 28 22 19 25 30 27 23 21 27 20 22 28 24 28 32 26 14 26 29 22 27 23 26 27 19 31 25 25 18 18 27 28 30 29 23 17 25 23 29 30 21 30 22 27 23 20 26 30 26 35 30 21 23 28 25 26 21 22 25 28 25 25 30 26 27 37 30 28 30 27 28 21 28 36 26 25 19 25 25 26 32 26 33 22 26 26 27 19 29 27 28 20 22 23 22 25 20 30 26 27 26 28 21 26 15 23 25 20 28 34 22 21 24 27 22 32 28 25 24 28 32 29 27 25 25 25 28 33 22 25 24 28 29 24 26 27 20 29 26 24 27 26 25 25 25 25 31 24 30 29 22 26 28 28 22 19 28 21 26 24 22 27 31 31 18 22 25 27 23 21 26 26 22 27 24 25 15 29 27 26 30 25 29 27 26 29 34 28 27 19 26 27 29 20 29 31 23 27 25 23 23 26 25 26 28 22 29 22 24 24 29 17 24 7 29 31 24 26 30 29 25 30 27 26 22 25 28 25 22 24 26 33 30 26 26 26 23 19 22 23 24 23 24 21 23 27 24 29 25 31 23 28 24 16 22 29 20 25 30 27 28 30 28 29 29 27 24 29 24 21 24 27 11 29 23 27 28 30 27 25 37 28 24 29 24 30 32 23 25 27 25 30 24 31 19 28 22 26 20 26 28 23 16 30 23 31 23 30 25 19 28 34 26 32 25 26 25 28 20 24 23 27 29 25 29 27 25 27 24 29 27 25 24 28 25 20 27 19 31 28 24 22 30 26 31 18 22 24 18 26 31 20 24 22 22 21 17 29 38 12 29 25 28 23 30 28 29 27 26 22 29 30 26 26 30 27 27 26 29 32 
272 833 570 418 873 216 644 440 731 0 
272 833 570 418 873 241 648 696 1 
272 833 570 418 873 241 648 696 1 460 208 468 2 
272 833 636 39 70 3 
272 833 570 418 873 216 780 475 4 
272 833 636 405 5 
272 796 858 307 6 
272 833 636 39 70 968 20 725 28 81 7 
272 833 570 255 505 738 8 
272 833 892 353 922 629 549 9 
272 833 570 418 873 82 622 10 
272 833 486 11 
272 833 570 255 56 173 362 12 
272 833 892 211 356 140 707 109 13 
272 833 570 418 873 82 622 871 14 
272 389 294 15 
272 833 892 211 356 140 707 666 16 
272 833 892 979 491 417 876 561 304 17 
272 833 892 211 356 38 291 627 18 
272 833 636 39 70 3 676 983 877 19 
272 833 636 39 70 968 20 
272 833 636 39 70 968 813 21 
272 833 892 211 356 914 22 
272 833 570 418 873 188 411 23 
272 833 892 211 356 38 96 90 238 24 
272 833 892 353 922 857 863 205 25 
272 833 892 979 26 
272 833 486 621 569 177 27 
272 833 636 39 70 968 20 725 28 
272 833 636 39 70 968 20 725 28 81 29 
272 833 570 418 873 188 411 23 228 30 
272 833 570 255 56 141 58 31 
272 833 892 211 356 32 
272 833 892 724 597 33 
272 833 636 39 34 
272 833 636 363 464 899 652 35 
272 833 892 211 356 716 157 767 646 36 
272 833 892 979 194 160 788 37 
272 833 892 211 356 38 
272 833 636 39 
272 833 570 418 873 241 648 696 1 460 208 190 647 40 
272 833 892 211 356 32 41 
272 833 486 87 42 
272 833 636 39 70 3 179 43 
272 833 892 979 491 417 876 561 601 44 
272 833 486 105 45 
272 833 486 87 677 68 286 69 46 
272 833 570 418 566 47 
272 389 294 48 
272 833 570 418 230 49 
272 833 892 211 356 38 50 
272 833 636 363 596 148 522 51 
272 833 892 979 432 108 52 
272 833 976 398 53 
272 833 636 39 70 3 54 
272 833 892 979 966 822 55 
272 833 570 255 56 
272 833 892 353 922 629 549 57 
272 833 570 255 56 141 58 
272 833 570 255 56 141 59 
272 833 570 255 133 60 
272 833 570 418 873 216 644 440 731 443 837 61 
272 833 892 979 491 417 876 561 62 
272 833 486 87 677 68 904 63 
272 833 570 418 873 929 938 939 449 64 
272 833 636 363 65 
272 833 636 39 66 
272 833 892 211 356 38 96 90 489 67 
272 833 486 87 677 68 
272 833 486 87 677 68 286 69 
272 833 636 39 70 
272 833 892 211 356 918 848 71 
272 389 294 48 703 72 
272 833 892 211 356 38 291 630 73 
272 833 570 665 74 
272 389 342 158 75 
272 833 636 39 34 364 76 
272 833 486 11 246 711 104 77 
272 775 239 617 78 
272 833 892 211 356 140 79 
272 833 892 979 194 160 788 93 80 
272 833 636 39 70 968 20 725 28 81 
272 833 570 418 873 82 
272 833 570 418 873 188 411 23 228 83 
272 833 570 418 873 84 
272 833 570 418 873 82 553 85 
272 833 570 418 873 241 648 890 932 86 
272 833 486 87 
272 389 100 88 
272 833 892 353 957 367 227 89 
272 833 892 211 356 38 96 90 
272 833 570 418 873 241 648 91 
272 833 636 39 70 95 583 989 92 
272 833 892 979 194 160 788 93 
272 833 570 255 505 595 94 
272 833 636 39 70 95 
272 833 892 211 356 38 96 
272 833 892 211 356 38 291 98 262 750 97 
272 833 892 211 356 38 291 98 
272 833 892 211 356 32 99 
272 389 100 
272 833 892 211 356 140 707 666 16 101 
272 833 570 418 873 84 102 
272 833 892 724 445 872 103 
272 833 486 11 246 711 104 
272 833 486 105 
272 833 570 418 873 929 106 
272 833 892 979 545 149 107 
272 833 892 979 432 108 
272 833 892 211 356 140 707 109 
272 833 892 353 922 629 549 9 110 
272 833 892 724 445 111 
272 833 892 296 112 
272 833 892 724 618 423 606 462 733 113 
272 833 892 979 491 417 196 114 
272 833 570 418 873 216 780 475 447 115 
272 833 570 418 873 188 170 116 
272 833 570 418 873 82 622 10 765 263 337 117 
272 833 486 11 246 711 456 827 118 
272 833 892 211 356 38 291 630 119 
272 833 892 211 356 914 22 138 355 120 
272 833 636 39 70 968 813 121 
272 833 570 418 873 241 648 696 1 654 936 969 122 
272 833 570 418 873 929 123 
272 833 570 418 873 216 644 440 124 
272 833 892 353 922 857 380 698 125 
272 833 570 418 252 126 
272 775 239 381 127 
272 833 570 255 505 738 8 128 
272 833 486 11 246 129 
272 833 892 353 922 857 863 130 
272 833 486 11 246 711 131 
272 833 570 418 873 241 648 696 774 510 132 
272 833 570 255 133 
272 833 892 211 671 134 
272 775 239 617 213 135 
272 833 892 979 491 417 876 561 601 44 136 
272 833 516 137 
272 833 892 211 356 914 22 138 
272 833 570 418 566 139 
272 833 892 211 356 140 
272 833 570 255 56 141 
272 833 570 255 505 792 142 
272 833 570 418 566 524 420 143 
272 833 570 418 873 188 170 401 144 
272 833 570 418 873 241 648 696 145 
272 833 636 39 70 3 676 146 
272 833 892 979 491 417 196 147 
272 833 636 363 596 148 
272 833 892 979 545 149 
272 833 486 509 150 
272 833 570 418 873 216 644 575 657 946 151 
272 833 570 418 566 524 420 152 
272 833 636 39 70 968 20 732 718 153 
272 833 892 211 671 416 832 154 
272 833 570 255 56 141 58 926 155 
272 833 156 
272 833 892 211 356 716 157 
272 389 342 158 
272 833 892 353 435 159 
272 833 892 979 194 160 
272 833 570 418 873 849 161 
272 833 570 255 505 595 451 406 162 
272 833 570 418 873 241 648 696 1 654 936 344 163 
272 833 892 724 618 974 164 
272 389 294 48 703 72 165 
272 833 892 211 671 416 832 555 166 
272 833 486 87 677 68 904 167 
272 833 570 255 506 369 168 
272 833 892 353 922 857 863 169 
272 833 570 418 873 188 170 
272 833 892 353 922 857 380 171 
272 833 892 979 491 417 196 578 172 
272 833 570 255 56 173 
272 833 570 418 873 241 648 91 501 331 174 
272 833 486 621 175 
272 833 636 363 464 899 176 
272 833 486 621 569 177 
272 833 570 418 873 849 625 178 
272 833 636 39 70 3 179 
272 833 570 418 873 831 585 180 
272 833 636 363 596 148 181 
272 833 892 353 957 367 182 
272 833 892 296 183 
272 775 662 184 
272 833 570 255 133 60 455 185 
272 389 342 158 75 186 
272 833 570 255 56 141 58 926 187 
272 833 570 418 873 188 
272 833 570 418 873 929 938 264 189 
272 833 570 418 873 241 648 696 1 460 208 190 
272 833 636 39 70 968 870 266 191 
272 833 570 255 56 141 58 926 192 
272 833 570 255 56 141 58 31 193 
272 833 892 979 194 
272 833 892 724 618 423 712 195 
272 833 892 979 491 417 196 
272 833 486 87 677 68 286 197 
272 833 486 559 734 198 
272 833 570 418 873 328 244 199 
272 833 570 255 56 200 
272 833 892 353 922 201 
272 833 570 255 133 60 455 202 
272 833 636 39 476 203 
272 833 892 211 356 914 756 600 894 204 
272 833 892 353 922 857 863 205 
272 833 570 418 873 929 938 428 206 
272 833 892 724 777 207 
272 833 570 418 873 241 648 696 1 460 208 
272 833 570 255 505 595 623 209 
272 389 294 48 902 210 
272 833 892 211 
272 833 892 724 618 212 
272 775 239 617 213 
272 833 892 979 194 160 788 542 214 
272 833 892 979 194 215 
272 833 570 418 873 216 
272 833 892 211 356 914 22 138 217 
272 389 342 158 75 218 
272 833 636 39 70 968 813 21 219 
272 833 570 255 505 260 220 
272 833 892 353 922 201 221 
272 833 570 418 873 241 648 696 1 460 208 190 310 222 
272 833 892 211 356 914 22 223 
272 833 892 979 491 417 876 430 224 
272 833 570 665 225 
272 833 636 39 70 95 226 
272 833 892 353 957 367 227 
272 833 570 418 873 188 411 23 228 
272 833 892 353 922 857 863 205 229 
272 833 570 418 230 
272 833 570 418 873 216 644 440 731 921 421 231 
272 833 486 11 246 711 232 
272 833 892 979 491 417 876 561 304 233 
272 833 570 418 873 216 644 485 234 
272 389 342 275 844 493 235 
272 833 892 211 356 140 79 397 236 
272 833 570 418 566 524 420 152 986 237 
272 833 892 211 356 38 96 90 238 
272 775 239 
272 775 385 672 240 
272 833 570 418 873 241 
272 833 570 418 873 241 648 91 859 242 
272 833 892 353 922 857 245 243 
272 833 570 418 873 328 244 
272 833 892 353 922 857 245 
272 833 486 11 246 
272 833 892 979 247 
272 833 570 255 56 141 971 861 248 
272 833 892 724 784 249 
272 833 636 39 70 968 20 725 250 
272 833 892 296 112 251 
272 833 570 418 252 
272 833 570 418 566 253 
272 833 892 724 618 423 712 195 254 
272 833 570 255 
272 833 892 979 432 809 256 
272 833 636 39 70 257 
272 833 892 724 618 212 258 
272 833 892 353 922 857 863 205 324 259 
272 833 570 255 505 260 
272 389 342 275 844 261 
272 833 892 211 356 38 291 98 262 
272 833 570 418 873 82 622 10 765 263 
272 833 570 418 873 929 938 264 
272 833 892 979 491 417 196 265 
272 833 636 39 70 968 870 266 
272 833 486 621 407 267 
272 833 892 979 432 474 299 528 268 
272 833 570 418 873 216 269 
272 833 636 39 708 270 
272 389 342 275 844 493 271 
272 833 570 418 873 831 585 273 
272 833 570 418 873 82 622 10 550 612 274 
272 389 342 275 
272 833 636 39 70 968 813 21 276 
272 833 892 353 277 
272 833 570 665 278 
272 389 342 158 279 
272 833 570 418 873 831 531 452 280 
272 833 570 418 873 831 281 
272 833 892 211 356 918 399 282 
272 833 892 211 356 914 283 
272 833 570 255 505 738 284 
272 833 892 211 356 38 291 630 285 
272 833 486 87 677 68 286 
272 833 892 353 922 857 863 287 
272 833 570 418 873 241 648 696 774 288 
272 833 486 11 246 711 456 827 118 551 289 
272 833 892 724 290 
272 833 892 211 356 38 291 
272 833 892 211 356 38 291 630 444 292 
272 833 892 211 356 38 291 630 866 723 293 
272 389 294 
272 833 516 965 295 
272 833 892 296 
272 833 892 211 356 716 157 767 297 
272 833 570 418 873 241 648 696 1 654 936 728 298 
272 833 892 979 432 474 299 
272 833 570 418 873 328 244 346 843 300 
272 833 892 211 356 38 291 98 262 638 301 
272 833 892 979 491 417 196 114 302 
272 833 486 499 340 303 
272 833 892 979 491 417 876 561 304 
272 833 892 353 922 649 305 
272 833 892 211 671 416 306 
272 796 858 307 
272 833 892 211 356 38 291 98 262 801 308 
272 833 570 418 885 309 
272 833 570 418 873 241 648 696 1 460 208 190 310 
272 833 892 724 784 311 
272 833 570 418 873 241 648 696 1 460 312 
272 833 570 418 873 831 585 730 313 
272 833 636 39 70 968 20 725 314 
272 833 570 418 873 188 170 401 315 
272 833 892 211 356 32 41 316 
272 833 636 405 888 317 
272 833 486 509 150 318 
272 833 156 319 
272 833 570 418 873 216 644 613 320 
272 833 892 979 194 160 431 321 
272 833 570 418 873 241 648 696 1 654 936 322 
272 833 570 418 873 831 531 323 
272 833 892 353 922 857 863 205 324 
272 833 892 211 356 38 291 98 262 801 325 
272 833 570 418 873 831 585 326 
272 833 892 211 356 593 327 
272 833 570 418 873 328 
272 833 892 211 356 914 22 329 
272 833 570 255 56 173 384 855 330 
272 833 570 418 873 241 648 91 501 331 
272 833 570 418 873 831 375 332 
272 833 570 418 252 691 951 333 
272 833 636 363 596 563 812 334 
272 833 892 724 618 423 606 462 335 
272 833 516 137 336 
272 833 570 418 873 82 622 10 765 263 337 
272 833 486 87 338 
272 833 892 211 356 918 399 339 
272 833 486 499 340 
272 833 570 255 506 789 504 404 341 
272 389 342 
272 775 239 617 213 135 343 
272 833 570 418 873 241 648 696 1 654 936 344 
272 833 486 105 349 995 345 
272 833 570 418 873 328 244 346 
272 833 892 211 356 716 157 767 536 997 347 
272 775 348 
272 833 486 105 349 
272 389 294 15 350 
272 775 239 410 351 
272 833 570 255 56 141 971 352 
272 833 892 353 
272 833 892 211 356 140 707 354 
272 833 892 211 356 914 22 138 355 
272 833 892 211 356 
272 833 636 39 70 968 20 357 
272 833 570 418 873 216 644 575 657 358 
272 833 486 87 677 359 
272 833 570 255 505 595 360 
272 833 892 211 356 38 96 90 361 
272 833 570 255 56 173 362 
272 833 636 363 
272 833 636 39 34 364 
272 833 486 87 677 68 286 365 
272 833 892 353 922 857 380 366 
272 833 892 353 957 367 
272 833 486 11 368 
272 833 570 255 506 369 
272 833 486 11 246 711 131 370 
272 833 892 724 618 607 985 371 
272 833 892 211 356 918 848 372 
272 833 570 418 873 216 644 440 124 373 
272 833 892 211 356 918 399 704 374 
272 833 570 418 873 831 375 
272 833 570 418 873 188 376 
272 833 892 979 194 160 388 377 
272 833 892 211 356 914 756 600 894 378 
272 833 636 39 476 203 379 
272 833 892 353 922 857 380 
272 775 239 381 
272 833 570 255 56 141 58 926 187 382 
272 833 570 418 873 241 648 696 774 510 383 
272 833 570 255 56 173 384 
272 775 385 
272 833 892 724 784 249 386 
272 833 570 418 387 
272 833 892 979 194 160 388 
272 389 
272 833 570 255 56 141 58 926 187 382 390 
272 833 570 418 873 216 644 440 124 373 391 
272 833 892 211 356 38 291 627 392 
272 833 636 39 34 393 
272 833 892 211 356 38 96 394 
272 833 570 418 252 126 395 
272 833 892 211 356 38 96 90 489 67 396 
272 833 892 211 356 140 79 397 
272 833 976 398 
272 833 892 211 356 918 399 
272 833 892 211 356 140 400 
272 833 570 418 873 188 170 401 
272 389 294 48 402 
272 833 892 211 356 38 291 403 
272 833 570 255 506 789 504 404 
272 833 636 405 
272 833 570 255 505 595 451 406 
272 833 486 621 407 
272 833 892 979 966 408 
272 833 570 418 873 82 622 709 633 409 
272 775 239 410 
272 833 570 418 873 188 411 
272 833 892 211 356 38 291 98 681 412 
272 833 570 418 873 82 622 413 
272 833 570 418 873 216 644 575 657 946 414 
272 833 892 211 356 38 291 630 285 415 
272 833 892 211 671 416 
272 833 892 979 491 417 
272 833 570 418 
272 833 570 418 873 241 648 419 
272 833 570 418 566 524 420 
272 833 570 418 873 216 644 440 731 921 421 
272 833 570 255 505 595 451 422 
272 833 892 724 618 423 
272 833 570 418 873 216 780 475 424 
272 833 570 255 505 260 220 425 
272 833 892 211 356 38 96 90 574 426 
272 833 570 255 56 141 971 352 427 
272 833 570 418 873 929 938 428 
272 833 892 724 784 249 386 992 429 
272 833 892 979 491 417 876 430 
272 833 892 979 194 160 431 
272 833 892 979 432 
272 833 570 418 873 216 644 440 731 433 
272 833 892 211 356 38 96 90 574 434 
272 833 892 353 435 
272 833 636 39 436 
272 833 892 211 356 716 157 948 437 
272 833 516 438 
272 833 892 211 356 38 439 
272 833 570 418 873 216 644 440 
272 833 892 979 194 160 788 542 441 
272 833 570 418 873 831 585 730 442 
272 833 570 418 873 216 644 440 731 443 
272 833 892 211 356 38 291 630 444 
272 833 892 724 445 
272 796 858 519 799 446 
272 833 570 418 873 216 780 475 447 
272 833 570 418 873 241 648 696 774 448 
272 833 570 418 873 929 938 939 449 
272 833 892 724 618 423 712 450 
272 833 570 255 505 595 451 
272 833 570 418 873 831 531 452 
272 833 570 418 873 241 648 696 1 654 936 969 453 
272 775 348 454 
272 833 570 255 133 60 455 
272 833 486 11 246 711 456 
272 833 892 979 194 160 788 93 457 
272 833 892 979 432 474 299 528 458 
272 833 570 459 
272 833 570 418 873 241 648 696 1 460 
272 833 636 363 596 148 181 461 
272 833 892 724 618 423 606 462 
272 833 486 621 463 
272 833 636 363 464 
272 833 570 418 873 188 170 465 
272 833 570 418 873 831 375 688 466 
272 833 892 353 922 568 467 
272 833 570 418 873 241 648 696 1 460 208 468 
272 833 486 11 246 711 456 827 118 469 
272 833 570 255 133 845 470 
272 833 486 621 571 471 
272 833 892 979 194 472 
272 833 892 211 356 38 291 627 392 473 
272 833 892 979 432 474 
272 833 570 418 873 216 780 475 
272 833 636 39 476 
272 833 570 255 56 141 971 641 477 
272 833 892 211 356 38 96 478 
272 833 892 979 194 160 788 37 479 
272 833 486 621 175 480 
272 833 892 211 356 38 291 98 262 481 
272 833 570 418 873 188 376 482 
272 833 892 211 671 416 483 
272 833 892 353 727 660 484 
272 833 570 418 873 216 644 485 
272 833 486 
272 833 892 211 356 918 399 487 
272 833 636 39 70 968 20 357 488 
272 833 892 211 356 38 96 90 489 
272 833 892 979 490 
272 833 892 979 491 
272 833 892 353 922 629 549 492 
272 389 342 275 844 493 
272 833 570 418 252 691 973 494 
272 833 570 418 252 691 973 511 616 495 
272 833 486 11 246 711 496 
272 833 892 211 356 140 79 397 497 
272 833 486 11 246 711 874 943 498 
272 833 486 499 
272 833 486 11 246 711 456 827 513 500 
272 833 570 418 873 241 648 91 501 
272 833 570 255 505 595 502 
272 924 503 
272 833 570 255 506 789 504 
272 833 570 255 505 
272 833 570 255 506 
272 833 892 979 491 417 876 507 
272 833 892 724 784 508 
272 833 486 509 
272 833 570 418 873 241 648 696 774 510 
272 833 570 418 252 691 973 511 
272 833 892 724 618 512 
272 833 486 11 246 711 456 827 513 
272 833 156 620 514 
272 833 892 211 356 914 756 600 515 
272 833 516 
272 833 636 363 65 819 517 
272 833 636 39 476 518 
272 796 858 519 
272 833 892 979 432 520 
272 833 892 353 727 521 
272 833 636 363 596 148 522 
272 833 570 418 873 216 780 523 
272 833 570 418 566 524 
272 833 570 418 566 524 420 143 525 
272 833 892 211 671 526 
272 833 892 211 356 140 707 527 
272 833 892 979 432 474 299 528 
272 833 892 353 435 529 
272 833 892 724 777 530 
272 833 570 418 873 831 531 
272 833 892 353 922 629 532 
272 833 892 211 356 914 756 600 515 808 533 
272 833 486 87 677 68 904 534 
272 833 570 418 873 188 170 465 535 
272 833 892 211 356 716 157 767 536 
272 833 636 39 70 3 676 537 
272 833 892 353 727 660 715 538 
272 833 892 211 356 140 400 539 
272 833 892 724 445 940 540 
272 833 892 353 922 857 863 205 25 541 
272 833 892 979 194 160 788 542 
272 833 570 418 873 241 648 696 1 460 208 954 543 
272 833 892 211 356 914 22 138 544 
272 833 892 979 545 
272 833 976 546 
272 833 486 87 677 68 286 547 
272 833 892 353 922 857 380 588 548 
272 833 892 353 922 629 549 
272 833 570 418 873 82 622 10 550 
272 833 486 11 246 711 456 827 118 551 
272 833 486 621 571 552 
272 833 570 418 873 82 553 
272 833 892 353 922 857 863 205 25 541 769 554 
272 833 892 211 671 416 832 555 
272 833 892 211 356 716 157 556 
272 833 892 724 290 557 
272 833 516 137 840 558 
272 833 486 559 
272 833 892 211 356 918 399 560 
272 833 892 979 491 417 876 561 
272 833 636 39 70 968 870 266 562 
272 833 636 363 596 563 
272 833 636 39 70 968 20 725 28 81 564 
272 833 892 211 356 38 639 565 
272 833 570 418 566 
272 775 567 
272 833 892 353 922 568 
272 833 486 621 569 
272 833 570 
272 833 486 621 571 
272 833 516 438 572 
272 833 892 353 922 629 549 573 
272 833 892 211 356 38 96 90 574 
272 833 570 418 873 216 644 575 
272 833 486 87 677 576 
272 389 342 275 844 577 
272 833 892 979 491 417 196 578 
272 833 636 39 70 95 583 989 92 579 
272 833 516 137 336 913 580 
272 833 892 211 356 716 603 581 
272 796 582 
272 833 636 39 70 95 583 
272 833 892 724 445 584 
272 833 570 418 873 831 585 
272 833 892 353 922 629 599 586 
272 833 570 418 873 831 585 326 753 611 587 
272 833 892 353 922 857 380 588 
272 833 892 211 356 38 291 98 262 481 589 
272 833 486 11 246 129 590 
272 833 570 255 133 60 455 591 
272 833 570 418 873 241 648 696 1 654 592 
272 833 892 211 356 593 
272 833 570 418 594 
272 833 570 255 505 595 
272 833 636 363 596 
272 833 892 724 597 
272 833 570 418 873 216 644 440 731 598 
272 833 892 353 922 629 599 
272 833 892 211 356 914 756 600 
272 833 892 979 491 417 876 561 601 
272 833 892 211 356 918 848 602 
272 833 892 211 356 716 603 
272 833 636 39 70 968 813 604 
272 833 636 39 70 3 605 
272 833 892 724 618 423 606 
272 833 892 724 618 607 
272 833 570 418 873 216 644 440 124 608 
272 833 892 211 356 32 609 
272 833 892 353 277 610 
272 833 570 418 873 831 585 326 753 611 
272 833 570 418 873 82 622 10 550 612 
272 833 570 418 873 216 644 613 
272 833 486 87 677 68 614 
272 833 570 255 505 595 623 883 615 
272 833 570 418 252 691 973 511 616 
272 775 239 617 
272 833 892 724 618 
272 833 636 39 70 3 676 619 
272 833 156 620 
272 833 486 621 
272 833 570 418 873 82 622 
272 833 570 255 505 595 623 
272 833 486 11 246 624 
272 833 570 418 873 849 625 
272 833 892 211 356 38 96 90 238 626 
272 833 892 211 356 38 291 627 
272 833 570 418 873 216 780 523 628 
272 833 892 353 922 629 
272 833 892 211 356 38 291 630 
272 833 570 418 873 216 644 440 731 443 837 631 
272 833 570 418 873 216 780 475 632 
272 833 570 418 873 82 622 709 633 
272 833 892 211 356 140 79 397 236 634 
272 833 892 211 356 914 756 600 894 635 
272 833 636 
272 833 892 353 922 649 637 
272 833 892 211 356 38 291 98 262 638 
272 833 892 211 356 38 639 
272 833 570 418 873 241 648 696 1 460 928 640 
272 833 570 255 56 141 971 641 
272 833 570 418 873 82 622 10 642 
272 833 892 211 671 416 483 643 
272 833 570 418 873 216 644 
272 833 570 418 873 188 411 23 228 30 645 
272 833 892 211 356 716 157 767 646 
272 833 570 418 873 241 648 696 1 460 208 190 647 
272 833 570 418 873 241 648 
272 833 892 353 922 649 
272 833 892 211 356 914 756 864 650 
272 833 892 211 356 716 157 767 536 651 
272 833 636 363 464 899 652 
272 833 892 353 922 629 549 9 110 653 
272 833 570 418 873 241 648 696 1 654 
272 833 655 
272 833 570 255 56 656 
272 833 570 418 873 216 644 575 657 
272 775 239 410 882 658 
272 833 570 418 566 47 659 
272 833 892 353 727 660 
272 833 892 979 491 417 876 430 224 661 
272 775 662 
272 833 892 979 432 474 663 
272 833 636 664 
272 833 570 665 
272 833 892 211 356 140 707 666 
272 833 570 418 873 82 622 667 
272 833 892 724 618 423 668 
272 833 636 405 888 317 669 
272 775 385 670 
272 833 892 211 671 
272 775 385 672 
272 833 892 979 491 417 876 673 
272 833 570 255 505 595 451 422 674 
272 833 516 965 675 
272 833 636 39 70 3 676 
272 833 486 87 677 
272 833 892 211 356 38 96 90 489 678 
272 833 570 418 873 216 644 440 124 373 679 
272 833 516 137 680 
272 833 892 211 356 38 291 98 681 
272 833 570 418 873 216 644 440 731 921 682 
272 833 486 11 246 129 683 
272 389 294 48 684 
272 833 892 211 356 38 291 98 681 412 685 
272 833 516 686 
272 833 892 353 922 857 380 588 687 
272 833 570 418 873 831 375 688 
272 833 892 211 356 716 603 581 689 
272 833 892 353 922 629 549 9 110 690 
272 833 570 418 252 691 
272 833 892 211 356 38 96 90 238 692 
272 775 239 381 693 
272 833 486 87 677 68 904 63 694 
272 833 892 979 545 862 695 
272 833 570 418 873 241 648 696 
272 833 892 979 432 474 299 961 697 
272 833 892 353 922 857 380 698 
272 833 892 211 671 416 832 699 
272 833 892 724 777 207 700 
272 833 570 255 506 701 
272 833 636 39 70 968 813 21 276 702 
272 389 294 48 703 
272 833 892 211 356 918 399 704 
272 833 570 418 873 241 648 705 
272 833 636 39 70 968 20 706 
272 833 892 211 356 140 707 
272 833 636 39 708 
272 833 570 418 873 82 622 709 
272 833 570 418 873 241 648 696 1 460 208 190 710 
272 833 486 11 246 711 
272 833 892 724 618 423 712 
272 833 892 979 491 417 876 561 304 713 
272 833 892 211 356 716 714 
272 833 892 353 727 660 715 
272 833 892 211 356 716 
272 833 570 418 873 241 648 696 1 460 208 190 647 717 
272 833 636 39 70 968 20 732 718 
272 833 570 418 873 188 170 401 719 
272 833 892 353 957 720 
272 833 570 418 873 216 721 
272 833 570 418 873 241 648 722 
272 833 892 211 356 38 291 630 866 723 
272 833 892 724 
272 833 636 39 70 968 20 725 
272 833 570 418 873 929 938 726 
272 833 892 353 727 
272 833 570 418 873 241 648 696 1 654 936 728 
272 833 976 880 729 
272 833 570 418 873 831 585 730 
272 833 570 418 873 216 644 440 731 
272 833 636 39 70 968 20 732 
272 833 892 724 618 423 606 462 733 
272 833 486 559 734 
272 833 570 418 873 241 648 696 774 510 132 735 
272 833 486 11 736 
272 833 892 353 922 629 549 737 
272 833 570 255 505 738 
272 833 892 353 727 521 993 739 
272 833 892 724 618 740 
272 833 892 724 618 423 712 195 741 
272 833 516 137 840 558 742 
272 833 570 418 873 188 170 743 
272 833 570 418 566 744 
272 833 570 255 506 789 745 
272 833 892 211 356 914 756 864 746 
272 833 486 87 677 68 747 
272 833 570 418 594 748 
272 833 892 353 922 857 863 205 25 749 
272 833 892 211 356 38 291 98 262 750 
272 833 570 751 
272 833 636 363 596 148 181 461 752 
272 833 570 418 873 831 585 326 753 
272 833 892 211 356 38 96 90 754 
272 833 570 418 873 241 648 696 1 460 208 190 910 755 
272 833 892 211 356 914 756 
272 833 570 418 873 188 757 
272 833 486 11 246 758 
272 389 759 
272 833 892 211 356 914 756 600 894 635 760 
272 833 892 353 922 857 863 205 25 749 761 
272 833 570 418 873 241 648 696 1 460 762 
272 833 892 211 356 38 291 627 763 
272 833 570 255 505 595 764 
272 833 570 418 873 82 622 10 765 
272 833 570 418 873 831 585 730 313 766 
272 833 892 211 356 716 157 767 
272 833 570 255 56 200 768 
272 833 892 353 922 857 863 205 25 541 769 
272 833 892 724 597 33 770 
272 833 892 353 922 629 549 573 771 
272 833 892 211 356 716 772 
272 833 976 398 53 773 
272 833 570 418 873 241 648 696 774 
272 775 
272 833 892 979 194 160 431 776 
272 833 892 724 777 
272 833 892 353 727 778 
272 833 892 211 356 38 291 627 779 
272 833 570 418 873 216 780 
272 833 892 211 356 32 781 
272 833 636 363 464 899 782 
272 833 570 418 873 241 648 696 1 654 936 969 122 783 
272 833 892 724 784 
272 833 570 255 505 785 
272 833 892 353 922 857 863 786 
272 833 570 418 873 216 780 475 447 115 787 
272 833 892 979 194 160 788 
272 833 570 255 506 789 
272 833 570 255 133 790 
272 833 892 353 435 791 
272 833 570 255 505 792 
272 833 570 418 873 241 648 722 828 793 
272 833 570 418 566 794 
272 833 892 211 356 38 96 478 795 
272 796 
272 833 636 39 70 3 797 
272 833 570 418 873 831 531 798 
272 796 858 519 799 
272 833 892 979 194 215 821 800 
272 833 892 211 356 38 291 98 262 801 
272 833 570 255 505 595 451 802 
272 833 570 418 230 803 
272 833 892 211 356 593 981 804 
272 833 892 979 491 417 876 561 304 233 805 
272 833 892 979 545 149 107 806 
272 833 892 979 966 822 55 807 
272 833 892 211 356 914 756 600 515 808 
272 833 892 979 432 809 
272 796 889 810 
272 833 636 39 70 968 20 725 28 811 
272 833 636 363 596 563 812 
272 833 636 39 70 968 813 
272 833 892 724 618 974 164 814 
272 833 892 211 356 918 399 919 815 
272 796 889 816 
272 833 892 211 356 38 96 90 817 
272 833 570 418 566 794 818 
272 833 636 363 65 819 
272 833 892 211 356 716 157 820 
272 833 892 979 194 215 821 
272 833 892 979 966 822 
272 775 662 823 
272 796 889 824 
272 833 892 211 356 825 
272 833 570 255 505 738 826 
272 833 486 11 246 711 456 827 
272 833 570 418 873 241 648 722 828 
272 833 570 255 505 595 829 
272 833 570 255 830 
272 833 570 418 873 831 
272 833 892 211 671 416 832 
272 833 
272 833 892 353 922 629 549 573 834 
272 833 892 979 545 149 107 835 
272 796 858 836 
272 833 570 418 873 216 644 440 731 443 837 
272 833 570 418 873 929 938 726 838 
272 833 570 418 873 82 622 709 839 
272 833 516 137 840 
272 833 570 418 873 241 648 696 1 654 841 
272 833 570 418 873 241 648 696 1 460 842 
272 833 570 418 873 328 244 346 843 
272 389 342 275 844 
272 833 570 255 133 845 
272 833 570 255 56 173 384 855 846 
272 833 570 418 873 216 780 475 632 847 
272 833 892 211 356 918 848 
272 833 570 418 873 849 
272 833 156 850 
272 833 636 39 70 95 583 989 851 
272 833 892 211 356 140 400 539 852 
272 833 570 255 505 595 451 422 853 
272 833 570 418 566 794 818 854 
272 833 570 255 56 173 384 855 
272 833 486 87 42 856 
272 833 892 353 922 857 
272 796 858 
272 833 570 418 873 241 648 91 859 
272 833 570 418 873 241 648 955 860 
272 833 570 255 56 141 971 861 
272 833 892 979 545 862 
272 833 892 353 922 857 863 
272 833 892 211 356 914 756 864 
272 833 892 724 618 423 606 462 865 
272 833 892 211 356 38 291 630 866 
272 833 892 979 194 160 788 93 867 
272 833 892 868 
272 833 486 11 246 711 456 827 118 551 869 
272 833 636 39 70 968 870 
272 833 570 418 873 82 622 871 
272 833 892 724 445 872 
272 833 570 418 873 
272 833 486 11 246 711 874 
272 833 892 211 356 914 756 600 515 808 875 
272 833 892 979 491 417 876 
272 833 636 39 70 3 676 983 877 
272 833 570 418 873 188 170 743 878 
272 833 570 418 566 794 818 854 879 
272 833 976 880 
272 833 892 979 545 149 881 
272 775 239 410 882 
272 833 570 255 505 595 623 883 
272 833 570 418 873 188 411 884 
272 833 570 418 885 
272 833 892 353 922 857 886 
272 833 570 255 505 738 8 887 
272 833 636 405 888 
272 796 889 
272 833 570 418 873 241 648 890 
272 833 570 418 873 216 780 475 632 847 891 
272 833 892 
272 833 570 418 873 241 648 696 1 460 208 190 910 956 893 
272 833 892 211 356 914 756 600 894 
272 833 570 418 873 84 895 
272 833 892 211 356 38 291 98 262 750 896 
272 833 486 621 569 177 897 
272 833 892 211 898 
272 833 636 363 464 899 
272 833 655 900 
272 833 892 211 356 38 96 90 238 24 901 
272 389 294 48 902 
272 833 892 211 356 38 291 627 392 903 
272 833 486 87 677 68 904 
272 833 892 211 356 716 157 767 536 997 905 
272 833 570 255 56 173 384 906 
272 833 570 418 873 82 622 10 907 
272 833 892 724 618 607 908 
272 833 892 353 922 629 549 57 909 
272 833 570 418 873 241 648 696 1 460 208 190 910 
272 833 892 979 545 911 
272 833 892 211 356 38 291 627 912 
272 833 516 137 336 913 
272 833 892 211 356 914 
272 833 570 418 873 216 780 475 447 115 915 
272 833 892 211 356 38 291 627 916 
272 833 892 353 922 857 863 205 229 917 
272 833 892 211 356 918 
272 833 892 211 356 918 399 919 
272 833 570 255 56 141 971 920 
272 833 570 418 873 216 644 440 731 921 
272 833 892 353 922 
272 833 636 39 70 3 676 983 877 19 923 
272 924 
272 833 570 418 873 216 721 925 
272 833 570 255 56 141 58 926 
272 833 570 418 873 82 622 709 633 409 927 
272 833 570 418 873 241 648 696 1 460 928 
272 833 570 418 873 929 
272 833 570 255 133 930 
272 833 570 418 873 216 644 485 234 931 
272 833 570 418 873 241 648 890 932 
272 833 486 11 246 711 104 933 
272 833 636 664 934 
272 389 342 275 935 
272 833 570 418 873 241 648 696 1 654 936 
272 833 570 418 873 929 938 428 937 
272 833 570 418 873 929 938 
272 833 570 418 873 929 938 939 
272 833 892 724 445 940 
272 833 570 418 873 84 941 
272 833 486 621 407 267 942 
272 833 486 11 246 711 874 943 
272 833 892 211 356 716 603 581 944 
272 833 570 418 873 84 102 945 
272 833 570 418 873 216 644 575 657 946 
272 833 570 418 873 241 648 696 1 654 947 
272 833 892 211 356 716 157 948 
272 833 570 418 594 949 
272 833 892 724 445 111 950 
272 833 570 418 252 691 951 
272 833 570 255 506 952 
272 833 486 87 953 
272 833 570 418 873 241 648 696 1 460 208 954 
272 833 570 418 873 241 648 955 
272 833 570 418 873 241 648 696 1 460 208 190 910 956 
272 833 892 353 957 
272 833 570 418 873 82 622 10 765 263 337 958 
272 833 959 
272 833 892 724 445 111 960 
272 833 892 979 432 474 299 961 
272 833 570 418 252 691 962 
272 833 570 418 873 82 622 10 907 972 963 
272 833 570 418 873 216 964 
272 833 516 965 
272 833 892 979 966 
272 833 892 353 922 629 967 
272 833 636 39 70 968 
272 833 570 418 873 241 648 696 1 654 936 969 
272 833 892 979 194 160 788 37 479 970 
272 833 570 255 56 141 971 
272 833 570 418 873 82 622 10 907 972 
272 833 570 418 252 691 973 
272 833 892 724 618 974 
272 833 892 211 356 975 
272 833 976 
272 833 636 405 5 977 
272 833 892 979 194 160 788 37 978 
272 833 892 979 
272 833 636 363 65 819 980 
272 833 892 211 356 593 981 
272 833 636 39 34 393 982 
272 833 636 39 70 3 676 983 
272 833 570 418 566 253 984 
272 833 892 724 618 607 985 
272 833 570 418 566 524 420 152 986 
272 833 516 137 336 987 
272 833 892 211 671 988 
272 833 636 39 70 95 583 989 
272 833 636 39 34 990 
272 389 294 48 684 991 
272 833 892 724 784 249 386 992 
272 833 892 353 727 521 993 
272 833 570 418 873 241 648 696 1 654 994 
272 833 486 105 349 995 
272 833 636 39 70 3 676 983 877 996 
272 833 892 211 356 716 157 767 536 997 
272 796 858 519 998 
272 775 239 410 882 658 999 
