8
7.957203707
7.914606869
7.872202856
7.829986496
7.787953397
7.746099683
7.704421858
7.662916721
7.621581313
7.580412875
7.539408824
7.498566732
7.457884302
7.417359362
7.376989847
7.336773796
7.296709339
7.256794692
7.217028151
7.177408085
7.137932935
7.098601208
7.059411471
7.020362351
6.981452531
6.942680746
6.904045783
6.865546476
6.827181706
6.788950397
6.750851516
6.71288407
6.675047107
6.637339711
6.599761001
6.562310133
6.524986296
6.48778871
6.450716629
6.413769335
6.37694614
6.340246385
6.303669437
6.267214691
6.230881567
6.19466951
6.158577989
6.122606497
6.086754549
6.051021682
6.015407457
5.979911452
5.944533266
5.909272521
5.874128854
5.839101921
5.804191399
5.769396979
5.734718371
5.7001553
5.665707508
5.631374752
5.597156805
5.563053453
5.529064497
5.495189754
5.461429049
5.427782226
5.394249138
5.360829651
5.327523643
5.294331003
5.261251633
5.228285444
5.195432357
5.162692305
5.130065229
5.097551082
5.065149824
5.032861424
5.00068586
4.968623119
4.936673196
4.904836092
4.873111817
4.841500388
4.810001828
4.778616169
4.747343446
4.716183702
4.685136987
4.654203355
4.623382864
4.592675582
4.562081576
4.531600922
4.501233699
4.47097999
4.440839882
4.410813467
4.380900839
4.351102096
4.321417339
4.291846673
4.262390204
4.233048043
4.2038203
4.174707091
4.145708531
4.116824739
4.088055833
4.059401936
4.030863169
4.002439655
3.974131521
3.945938889
3.917861887
3.889900641
3.862055277
3.834325922
3.806712702
3.779215745
3.751835176
3.724571121
3.697423706
3.670393055
3.643479291
3.616682537
3.590002915
3.563440545
3.536995545
3.510668034
3.484458126
3.458365936
3.432391576
3.406535156
3.380796784
3.355176567
3.329674607
3.304291007
3.279025865
3.253879278
3.228851339
3.203942139
3.179151768
3.154480309
3.129927846
3.105494458
3.081180221
3.05698521
3.032909493
3.008953138
2.985116209
2.961398765
2.937800865
2.91432256
2.890963903
2.867724939
2.844605711
2.821606261
2.798726624
2.775966834
2.75332692
2.730806908
2.708406823
2.686126683
2.663966505
2.641926303
2.620006087
2.598205865
2.57652564
2.554965416
2.53352519
2.512204961
2.491004723
2.46992447
2.448964191
2.428123877
2.407403518
2.386803101
2.366322614
2.345962046
2.325721387
2.305600628
2.285599762
2.265718787
2.245957705
2.226316525
2.206795261
2.18739394
2.168112601
2.148951298
2.129910105
2.110989124
2.092188488
2.073508378
2.05494904
2.036510814
2.018194196
2
