263955
267832
274985
260458
261229
246225
245748
276608
287029
263535
269772
284139
252872
298438
289254
257055
260632
284866
237908
276333
284366
255043
270883
292775
278129
252313
231809
270219
247082
262248
254019
295011
309227
267919
288348
258051
277879
268230
275079
260844
259308
308581
258506
269877
282812
247265
266949
264767
283808
286684
295423
256053
279222
238821
289293
282497
275844
275690
244170
290007
275537
289705
276699
252684
271173
277532
271876
254837
285840
283653
262908
271197
234075
253184
290431
250521
287911
277552
296435
271515
279684
273895
259215
310699
260383
265481
250081
264103
278384
270048
243839
258521
250893
254786
311836
235829
257427
255711
284796
301164
