67 47 26 31 68 12 74 61 20 77 25 25 4 80 34 9 36 70 30 97 70 37 60 85 77 52 2 74 34 37 29 6 72 21 85 97 17 45 97 42 94 77 29 95 61 62 89 32 22 4 26 2 87 59 16 44 83 55 20 63 90 91 19 92 47 2 61 25 43 50 20 10 22 86 61 41 40 9 74 43 5 37 23 15 85 54 98 51 20 97 61 28 53 86 34 98 28 59 89 1
7 38 75 56 65 63 75 59 85 90 38 30 41 65 96 91 33 76 11 24 31 12 82 6 5 46 51 64 43 54 19 87 12 67 59 85 84 5 86 99 32 94 63 95 86 47 96 41 93 9 11 10 91 79 10 81 43 37 49 4 45 44 31 13 8 50 17 35 27 98 93 38 54 43 33 58 78 42 31 22 33 90 1 28 77 71 15 22 69 57 44 66 15 30 38 23 39 9 63 95
50 14 25 74 99 11 12 57 71 7 37 53 72 3 46 23 66 44 2 11 21 22 66 39 94 5 68 67 53 11 67 26 20 71 90 61 95 13 5 41 76 52 97 68 74 26 63 84 69 29 81 71 60 9 39 43 68 64 84 31 1 3 79 81 50 58 99 52 39 17 69 49 88 92 27 90 4 97 93 46 60 57 11 3 56 51 25 48 36 13 71 78 59 23 68 57 72 10 46 60
31 34 53 95 36 70 32 82 51 93 96 73 77 50 72 56 30 8 79 13 44 49 58 42 89 71 96 71 64 13 6 50 11 46 81 76 31 84 89 97 92 43 9 38 8 71 41 91 99 73 26 23 52 31 70 70 49 70 83 10 35 1 54 43 37 26 26 74 15 52 26 31 70 99 48 85 11 91 24 41 33 32 98 81 8 54 58 6 38 99 3 21 51 8 27 33 12 24 49 34
62 16 48 23 68 97 66 25 40 93 51 13 84 71 48 74 24 23 45 70 6 80 32 87 27 79 99 90 60 85 83 99 6 51 66 73 31 45 82 24 9 47 88 30 30 43 47 11 7 60 46 33 12 84 17 88 9 71 93 5 36 8 36 31 52 74 38 34 69 21 93 43 39 15 89 55 36 62 39 13 14 26 88 41 36 23 49 8 63 64 95 46 43 21 94 42 49 49 19 43
88 10 6 7 45 23 52 44 20 19 25 75 87 55 76 35 89 49 52 92 79 14 12 20 78 7 21 83 98 2 33 94 87 45 97 74 73 2 83 6 12 21 40 57 76 90 23 6 70 67 95 12 90 76 39 81 67 25 34 47 30 23 77 70 66 49 76 46 3 6 23 27 86 84 95 46 14 20 17 67 47 42 87 51 17 1 38 62 16 76 93 28 87 8 33 47 21 59 18 35
11 68 67 22 19 8 20 29 19 71 24 38 28 27 78 20 22 22 45 34 45 80 51 12 32 91 77 8 94 8 75 67 26 67 48 58 48 27 59 23 81 83 49 58 83 19 59 14 9 74 39 19 86 95 65 40 34 39 57 67 17 65 65 40 11 74 92 65 11 73 66 47 73 73 25 2 57 30 52 76 85 4 89 3 57 49 98 3 50 50 32 6 17 99 57 87 2 50 71 73
44 61 15 13 6 48 98 19 37 78 1 65 13 75 62 89 46 26 79 71 8 68 16 15 97 71 25 24 33 31 85 73 61 18 89 47 76 75 94 87 82 6 60 46 99 47 53 71 6 28 87 38 46 37 56 90 28 89 96 10 26 70 29 90 28 73 41 68 61 30 92 66 65 15 27 48 73 26 59 66 67 76 86 22 88 56 43 72 23 42 16 10 71 41 91 39 22 55 92 14
76 42 85 67 56 60 8 47 45 50 38 55 45 57 80 28 53 96 42 30 37 54 14 97 72 36 96 84 87 36 11 70 20 83 47 46 35 82 17 98 85 10 57 43 3 9 47 78 22 81 90 84 75 33 56 20 52 65 15 25 3 26 85 81 68 33 22 66 75 4 95 81 39 69 48 40 41 86 91 88 46 4 68 29 81 98 51 54 66 51 59 71 26 48 67 77 32 8 88 61
53 26 44 99 11 75 6 37 44 63 9 89 13 94 70 41 23 50 69 27 56 20 16 96 83 43 65 1 36 1 81 86 50 31 94 71 19 50 76 42 3 85 60 66 95 43 46 49 8 97 88 47 86 83 97 71 29 46 86 68 9 90 78 9 72 68 64 76 16 26 41 81 92 77 32 58 24 8 28 68 34 47 82 11 62 35 11 30 72 57 6 18 91 9 86 44 26 82 17 45
26 1 71 7 3 1 85 44 63 78 18 79 37 32 10 23 59 30 93 65 91 77 68 67 81 25 26 5 69 48 31 93 57 10 28 59 36 67 42 97 14 28 62 80 92 27 72 88 67 37 21 56 37 86 34 42 26 70 91 70 67 42 60 27 3 29 88 94 80 24 33 18 13 88 70 78 73 54 40 21 17 3 85 97 98 3 62 41 65 76 66 91 38 33 91 73 46 20 79 14
61 36 23 32 76 42 91 53 80 52 39 54 48 98 56 32 46 77 3 95 73 44 45 16 79 52 82 86 65 74 13 30 98 36 4 75 8 69 45 67 8 11 97 95 16 85 71 45 80 39 60 64 65 80 20 34 54 61 43 98 56 84 54 14 54 82 54 83 58 62 84 83 15 56 87 8 67 57 29 91 30 36 23 86 54 38 5 22 59 41 69 11 33 77 11 50 1 79 92 43
56 99 56 19 28 32 6 62 5 64 19 26 17 22 38 9 91 3 75 20 70 86 38 5 48 43 20 49 72 6 54 81 3 28 18 14 99 79 81 61 81 85 50 97 53 64 27 6 65 41 75 70 29 34 73 76 62 11 97 90 64 88 22 78 19 32 14 45 54 92 42 44 35 68 29 91 41 73 73 76 30 15 92 79 71 40 25 19 62 33 19 75 18 76 11 13 43 24 67 25
13 7 87 99 19 80 64 64 97 97 48 52 93 19 46 99 37 37 34 59 4 49 16 27 19 73 89 79 24 26 88 74 19 81 59 67 97 81 60 78 25 61 43 46 71 82 97 13 8 92 32 49 64 68 10 41 60 4 25 57 79 26 37 66 77 78 14 80 54 61 59 84 36 92 69 82 67 51 60 58 66 39 51 98 8 6 10 31 46 21 88 27 37 27 70 76 99 52 47 74
9 76 96 92 87 27 70 29 69 71 69 98 99 39 30 91 5 29 66 72 48 92 87 86 31 71 14 75 69 15 38 47 56 84 57 79 42 80 22 76 63 2 37 82 44 72 39 98 96 43 92 48 56 2 84 1 2 25 89 92 11 34 78 47 77 77 12 17 99 43 26 72 79 50 29 73 43 43 72 19 67 5 63 88 17 55 91 41 69 83 78 48 9 52 24 52 93 5 21 93
75 43 73 55 89 75 96 65 8 4 11 41 87 22 20 79 81 42 91 26 13 23 49 81 80 98 60 10 66 4 1 29 59 83 83 90 64 53 6 38 1 36 86 46 28 63 63 56 50 1 72 53 17 16 25 75 4 83 90 96 81 82 77 65 53 11 55 31 54 37 59 72 38 95 85 58 94 2 5 30 28 87 63 52 45 7 17 7 17 6 32 95 59 60 97 4 31 14 4 71
39 20 99 26 39 91 2 22 41 89 66 79 53 81 2 60 72 65 86 39 10 56 5 5 30 54 80 68 59 22 24 9 92 28 9 47 72 74 9 81 80 34 68 87 67 34 25 41 10 94 89 32 17 23 57 52 42 78 92 56 36 80 64 65 73 42 24 76 71 4 90 68 32 6 4 74 52 43 86 48 71 47 24 26 36 83 75 89 95 16 58 61 55 32 32 45 7 3 74 31
3 42 96 91 83 68 89 21 54 87 71 9 93 79 43 11 1 34 5 45 47 48 88 70 66 45 99 57 39 57 54 11 86 49 91 73 19 43 20 61 2 55 55 93 97 7 67 73 14 38 62 97 22 96 28 59 17 7 23 65 45 43 44 89 12 26 17 92 82 12 85 91 75 73 28 68 59 76 10 67 23 15 18 86 62 37 19 42 62 78 54 7 49 71 39 96 28 62 90 20
21 40 44 15 5 39 34 6 4 6 30 24 45 86 57 25 28 21 1 22 59 29 86 63 27 5 4 89 64 62 61 23 38 54 64 52 28 97 62 98 20 66 4 57 3 50 62 72 74 19 39 62 61 90 42 41 59 64 67 91 37 66 36 70 91 21 47 2 30 61 41 93 81 38 37 60 19 15 5 12 16 1 89 55 52 12 48 94 18 15 65 81 72 56 75 46 59 33 57 77
48 6 95 96 23 8 76 62 66 61 59 75 5 53 61 21 30 1 56 66 26 94 21 32 44 74 38 50 83 59 59 12 4 29 13 13 66 21 51 50 39 14 98 50 49 72 19 96 79 17 26 58 92 19 11 37 9 45 61 80 56 91 70 34 72 16 47 64 84 86 56 18 65 52 73 97 4 91 24 18 12 31 18 85 14 51 62 22 94 80 79 83 37 40 67 26 85 20 57 37
62 38 1 70 1 62 95 37 20 97 92 47 69 73 94 67 79 31 29 91 7 53 78 63 81 51 32 5 11 52 59 98 95 10 97 59 72 33 82 60 90 49 94 54 84 52 51 48 1 37 4 21 8 95 80 37 9 28 7 68 55 1 46 67 76 63 81 35 9 45 40 70 40 9 69 50 68 60 41 74 45 9 68 83 37 72 83 86 84 10 65 72 52 49 36 89 78 59 81 64
56 24 66 66 12 13 91 78 4 45 19 37 8 57 96 25 22 14 48 16 91 45 51 37 60 99 68 32 17 56 46 46 59 67 6 40 27 95 64 28 34 78 44 17 38 55 25 49 65 74 13 17 36 28 71 1 86 50 45 15 69 32 43 22 15 17 39 54 46 71 93 40 62 54 45 65 17 46 43 7 34 86 12 72 42 91 12 53 49 1 82 58 29 77 61 32 34 86 4 5
66 89 80 28 48 88 6 75 77 47 93 89 70 61 10 11 68 34 54 55 50 48 14 18 97 82 54 95 23 52 18 55 85 51 60 31 26 82 20 26 66 19 81 88 23 26 94 92 37 63 61 2 32 89 20 12 72 24 76 23 80 69 78 69 35 6 94 9 40 77 50 45 63 74 85 60 15 33 81 32 70 94 96 81 47 4 91 50 46 46 4 33 32 64 2 75 72 41 46 51
29 95 9 19 46 30 54 35 3 93 85 53 56 93 40 92 66 9 31 40 74 34 91 28 74 5 83 38 68 44 22 49 47 90 62 23 66 64 97 93 68 77 58 13 84 91 59 72 86 41 27 95 71 40 74 59 68 80 15 99 78 87 71 5 77 5 92 58 72 74 46 44 73 2 22 40 87 99 82 86 13 3 60 33 14 48 13 49 4 98 9 63 53 13 46 47 79 96 37 13
90 17 21 43 27 33 88 63 72 8 38 20 27 73 15 86 1 93 74 4 44 53 89 48 72 92 76 21 16 22 62 74 49 69 35 26 43 71 99 45 98 17 10 81 49 96 61 16 28 87 69 82 64 56 30 59 1 39 10 26 39 44 99 14 86 2 69 55 64 46 3 22 56 12 84 45 75 14 65 49 50 89 64 98 24 25 44 87 62 19 91 81 7 62 86 5 65 80 18 77
49 93 18 80 57 48 3 1 31 86 3 87 27 95 34 58 61 78 87 33 11 67 62 12 54 88 85 22 14 51 38 4 54 43 56 82 7 24 96 67 81 47 67 89 43 93 28 64 87 14 35 10 33 64 15 57 56 44 59 41 28 13 60 39 48 91 98 3 23 9 67 32 49 98 55 19 62 19 12 30 54 31 54 52 44 82 26 78 77 58 10 20 49 22 58 46 49 69 4 10
18 53 31 8 3 22 32 85 11 45 8 21 27 14 35 89 34 42 5 58 46 67 80 63 22 82 87 41 23 94 35 1 9 46 13 71 12 5 51 71 54 26 53 66 49 53 65 99 32 49 46 56 91 93 8 31 62 1 38 42 88 62 50 11 96 78 74 46 18 17 7 57 1 59 24 37 96 45 2 4 10 85 44 96 22 3 33 61 15 89 26 59 38 94 19 76 64 28 40 91
80 99 75 54 57 51 98 45 87 34 33 45 31 55 96 79 39 67 77 91 23 4 34 80 18 36 50 2 96 81 76 62 14 68 94 85 32 1 12 65 66 20 86 64 65 88 87 16 38 25 48 8 97 93 26 94 56 65 31 63 62 88 15 68 56 40 5 28 38 63 7 9 33 88 76 69 64 72 20 17 29 42 21 21 43 52 98 55 34 58 89 5 11 51 88 68 8 14 72 95
39 99 92 58 13 75 14 23 49 48 60 80 41 52 13 50 71 25 64 69 24 20 85 59 24 25 67 41 80 20 50 33 19 41 28 65 72 67 94 35 64 38 29 5 92 28 33 49 93 74 60 92 28 73 31 20 17 16 3 1 9 56 11 8 33 64 27 35 36 4 58 33 58 76 88 64 76 84 45 40 3 59 62 54 44 71 52 19 53 1 51 89 83 14 26 47 22 58 49 94
99 29 73 90 88 13 72 5 80 34 39 48 29 76 39 99 1 76 10 56 47 59 2 28 95 85 20 1 59 3 81 51 3 5 32 78 66 1 92 91 83 63 91 70 5 72 75 39 42 38 16 67 36 53 93 53 11 56 10 55 79 4 12 81 79 44 11 8 18 20 40 61 47 72 16 53 4 85 29 30 75 92 67 37 59 15 9 58 53 15 88 34 64 17 33 12 10 75 62 76
54 81 53 50 37 70 75 44 16 71 88 85 18 48 67 50 91 9 68 78 93 21 62 74 28 20 77 40 32 16 22 22 24 21 69 58 13 14 22 54 59 50 50 59 96 7 55 36 72 88 18 25 23 69 11 37 43 24 87 37 47 56 14 67 30 91 21 5 31 47 48 65 59 53 78 66 67 5 81 51 58 34 82 1 78 36 60 63 22 72 85 31 19 83 18 91 34 72 68 59
97 37 23 30 27 92 61 60 2 39 46 1 90 35 97 87 90 99 55 88 96 85 76 53 70 44 81 53 93 53 84 52 6 63 81 54 13 3 47 96 27 50 41 55 59 97 59 44 52 71 48 43 75 27 31 40 59 21 36 64 5 75 90 10 34 26 5 40 92 31 98 16 56 79 8 9 69 66 15 7 80 3 4 48 68 7 43 50 47 97 75 58 60 89 95 28 35 91 35 69
94 48 79 99 82 52 16 31 34 74 61 10 31 4 42 19 96 91 22 67 95 78 83 40 77 73 17 69 6 41 13 53 71 37 95 93 21 31 78 3 49 93 96 50 53 99 22 46 48 79 48 47 99 95 98 79 85 14 93 55 36 71 86 40 89 42 97 86 99 87 19 30 58 82 12 83 81 29 14 94 59 63 14 30 54 76 74 60 43 16 90 6 97 55 96 47 31 45 37 11
4 53 68 38 99 95 23 12 91 33 1 73 18 89 46 50 81 64 91 85 97 62 63 34 15 91 35 48 5 60 2 26 58 70 11 82 3 48 68 72 81 5 89 32 43 89 35 15 97 48 91 56 57 72 63 41 95 30 22 77 6 54 16 88 48 32 46 93 55 52 51 88 52 88 66 34 19 17 11 58 66 3 35 39 94 73 13 95 96 49 20 60 9 36 56 35 68 86 26 18
50 95 15 54 99 16 75 76 41 86 19 44 43 45 70 46 42 40 39 61 65 25 74 74 55 83 84 23 18 71 77 45 32 88 47 57 18 46 28 1 8 55 6 92 94 71 87 99 91 83 42 17 53 38 76 82 48 68 45 96 20 92 86 35 59 61 19 48 41 24 26 26 52 31 83 96 42 7 95 87 25 27 3 95 89 72 3 12 88 66 11 45 29 56 53 8 72 50 49 34
16 71 62 78 95 76 17 10 7 64 23 51 52 31 75 9 38 92 16 15 61 15 83 60 7 55 31 78 22 86 4 99 19 1 66 19 36 86 57 18 27 35 49 13 58 32 52 15 74 7 36 21 82 94 64 42 82 15 81 43 59 38 36 58 80 48 89 67 17 80 22 35 81 17 98 42 54 53 16 97 28 71 86 85 70 20 17 25 71 84 12 21 47 78 65 45 9 87 47 57
17 57 67 4 73 98 39 61 20 81 33 14 20 56 12 73 45 87 64 97 35 47 13 6 59 25 78 1 26 19 62 81 13 8 43 43 70 40 40 86 35 36 92 67 93 99 28 17 39 64 12 44 96 50 14 13 51 2 76 18 96 96 77 82 66 99 36 58 38 87 69 64 4 27 22 91 60 65 93 90 13 98 85 68 17 26 56 35 48 43 25 79 37 66 83 72 22 72 4 91
25 28 14 54 56 47 80 92 26 56 68 55 99 14 67 73 32 84 45 5 63 81 70 78 79 92 75 35 36 63 23 29 7 98 76 35 26 11 35 41 44 41 42 2 95 75 74 12 13 61 14 55 18 33 88 52 24 99 36 96 32 29 88 7 82 30 74 28 4 98 91 46 85 79 22 26 1 13 78 11 18 77 88 17 49 19 30 42 76 15 60 61 62 36 45 35 94 18 26 76
96 57 85 96 20 10 14 48 14 76 48 1 50 72 34 69 84 16 44 75 44 85 59 33 35 79 22 81 36 58 99 67 59 84 51 9 44 47 25 37 2 90 28 10 65 36 11 96 51 10 13 81 29 60 80 90 8 14 43 37 93 14 58 38 19 1 20 63 81 78 60 91 88 88 10 60 53 47 59 46 16 18 89 55 28 42 4 48 42 39 93 64 28 45 87 39 24 43 20 61
39 81 15 75 3 48 32 38 6 74 9 37 19 34 55 26 23 96 84 43 27 82 83 62 32 50 39 8 66 46 57 22 46 4 18 93 54 92 49 44 34 91 83 75 26 84 77 90 24 16 6 27 63 30 19 35 15 6 78 91 96 42 9 45 83 43 70 73 20 16 47 67 40 61 31 20 39 4 82 36 66 99 37 21 76 58 17 81 74 69 17 31 72 72 51 25 51 51 75 43
9 47 41 30 74 44 58 96 21 99 48 11 98 34 54 51 94 88 90 96 25 44 4 41 6 78 12 59 76 26 36 29 87 90 15 93 67 68 21 30 51 71 50 21 39 54 67 41 31 13 30 21 91 65 5 52 12 22 66 68 25 44 75 89 97 96 91 36 1 45 46 8 42 42 96 57 26 73 64 64 25 6 65 66 6 12 55 15 66 79 71 48 40 36 24 25 92 24 59 2
83 94 76 89 73 97 3 92 13 47 74 71 4 69 69 65 8 76 92 89 86 95 12 29 17 63 83 81 15 6 93 3 91 22 62 93 6 80 23 79 55 15 69 59 52 37 95 30 78 34 71 62 31 86 96 78 72 72 45 33 73 53 19 35 52 34 72 82 87 83 95 74 64 52 78 77 27 16 66 94 19 48 73 11 4 48 85 99 18 29 80 20 38 24 36 78 54 7 94 26
2 37 36 7 16 78 66 78 11 80 75 82 35 37 69 28 19 66 54 47 5 58 5 29 19 5 38 91 4 7 54 85 43 90 10 70 45 33 77 71 59 21 55 49 52 57 19 28 22 87 25 99 45 4 43 69 94 81 1 75 4 10 70 7 99 53 10 3 8 15 81 43 92 59 54 52 22 8 6 86 39 73 74 46 80 71 19 52 96 53 35 63 73 6 57 39 48 53 53 8
15 52 39 68 1 68 94 98 95 74 37 41 84 27 30 61 40 13 42 15 64 32 85 3 54 82 24 75 73 65 74 85 67 38 9 59 37 38 26 61 75 92 62 9 40 65 93 77 70 99 36 48 41 69 38 74 41 92 62 50 2 89 92 51 10 84 84 15 17 44 81 60 9 91 13 87 40 53 34 73 53 28 30 27 32 75 93 29 75 6 21 26 66 66 59 65 53 39 11 90
42 83 70 65 83 95 62 40 11 46 5 77 28 70 33 40 31 7 29 99 68 58 9 28 84 85 49 9 11 84 20 27 72 95 61 73 52 62 89 92 10 55 79 64 62 64 74 75 19 99 44 7 55 50 40 27 28 50 96 74 22 69 83 58 70 1 15 23 45 1 50 58 68 83 99 89 57 47 64 10 89 33 79 40 37 73 93 3 37 61 89 59 49 81 77 19 75 41 26 24
30 38 20 78 11 81 28 9 59 28 81 3 94 18 65 2 93 46 46 5 78 35 40 94 80 15 49 45 34 5 61 62 66 8 67 50 3 60 88 8 1 93 4 68 16 7 30 46 59 71 24 17 20 27 37 69 52 37 56 53 99 13 57 98 37 23 44 45 77 88 12 60 15 59 11 8 45 72 42 43 45 48 66 79 96 6 70 38 98 13 9 14 70 33 70 63 93 81 92 67
28 73 1 15 61 7 10 85 70 1 50 75 70 34 72 43 82 12 26 22 55 31 65 42 68 96 9 89 21 34 50 11 9 50 97 65 6 32 83 83 46 57 64 27 3 70 21 94 13 57 17 84 30 21 45 52 87 67 52 69 73 4 81 30 64 41 72 4 8 37 39 24 93 61 10 37 32 12 80 12 75 77 10 85 64 28 14 15 85 9 97 54 47 13 68 35 84 14 58 82
82 77 75 44 58 62 26 56 83 91 88 9 85 46 64 1 43 52 98 71 31 73 86 27 60 37 58 88 17 88 6 70 48 65 32 33 13 39 44 27 36 27 23 25 52 72 16 86 21 42 67 52 8 12 41 50 1 79 27 35 97 69 53 36 91 73 16 27 46 37 5 24 31 83 62 44 77 96 32 24 38 12 57 86 2 2 12 16 14 37 55 30 97 51 27 97 42 64 35 43
7 29 6 46 46 84 4 19 49 11 7 94 77 59 11 26 12 97 41 78 36 41 91 4 64 87 69 74 37 9 66 46 75 97 72 54 93 56 63 5 6 72 43 18 91 98 73 51 25 57 45 99 50 2 90 2 31 54 95 63 84 63 31 57 72 62 85 61 28 51 63 72 96 68 20 89 12 30 89 90 38 99 28 65 59 25 16 96 42 46 23 7 41 84 2 94 32 57 39 16
55 60 59 73 67 2 75 95 36 30 67 66 57 3 16 60 60 60 66 96 78 67 85 30 6 91 1 44 57 24 88 39 78 7 70 39 57 14 83 63 56 86 74 76 28 64 32 6 1 5 50 32 1 93 87 10 94 84 13 25 63 42 31 12 93 7 84 81 48 76 93 99 17 29 20 50 67 24 56 18 53 89 16 93 76 88 38 65 99 11 62 63 87 31 30 33 8 3 59 99
21 54 40 12 88 92 58 43 29 68 15 16 81 2 94 56 11 24 62 68 90 16 20 56 16 67 31 34 92 72 81 90 91 85 95 35 4 62 6 38 12 85 98 34 96 8 35 4 52 77 98 87 46 77 63 49 64 89 84 54 30 84 15 43 59 50 99 50 86 66 49 74 98 86 24 77 63 59 65 55 91 68 31 83 45 42 63 47 20 66 23 74 10 74 77 71 7 45 65 93
37 9 14 9 5 71 13 4 26 17 31 73 17 4 77 73 95 87 45 54 9 96 46 60 33 33 8 92 47 6 47 3 17 31 25 80 61 35 45 31 60 4 11 17 4 75 35 26 68 94 66 43 22 91 81 11 52 2 96 45 20 54 90 71 6 80 25 90 98 21 89 91 24 76 94 87 90 70 75 66 63 2 39 29 80 91 41 72 26 26 72 69 81 22 95 41 64 31 96 11
16 73 92 42 26 36 11 72 91 66 66 99 17 13 89 76 98 56 95 45 26 92 79 58 28 16 89 28 49 61 38 94 80 91 13 77 92 99 42 97 61 43 81 29 25 2 94 72 65 60 26 24 96 21 78 78 83 72 85 33 4 56 10 44 57 27 61 52 5 58 8 87 65 86 43 25 99 21 74 45 56 51 18 37 63 47 83 96 74 98 92 18 43 46 49 27 47 56 2 90
10 99 38 41 19 5 94 6 46 66 16 57 69 73 73 78 81 97 7 8 84 60 94 76 27 83 73 82 55 69 49 48 26 56 52 62 4 30 27 47 3 64 73 70 83 95 78 25 51 3 93 35 4 18 18 71 53 2 7 98 98 72 21 26 31 24 40 7 50 42 5 97 59 21 22 92 62 46 50 2 17 74 20 17 73 82 18 6 27 44 11 6 4 93 47 32 56 45 70 45
63 40 46 67 91 87 77 21 20 17 77 25 65 65 84 57 66 99 50 19 77 22 97 42 51 31 28 21 62 57 18 94 32 62 83 15 75 68 24 18 81 58 10 68 61 87 21 16 47 35 99 66 28 43 20 15 73 10 41 87 24 2 54 68 53 76 42 79 62 83 64 31 17 75 77 27 63 65 27 76 23 1 63 86 99 11 98 21 54 52 81 12 94 53 6 93 67 91 61 32
57 92 80 88 69 39 28 89 91 80 91 86 27 61 34 54 9 47 4 82 21 93 46 5 44 9 35 43 7 69 33 9 15 63 91 83 95 33 41 16 40 63 6 12 38 96 31 58 69 87 14 26 74 4 70 8 12 53 35 48 86 45 68 42 6 66 73 4 61 62 95 33 6 4 75 54 63 39 99 73 64 57 54 65 70 99 66 50 85 55 44 85 96 19 24 77 7 34 14 80
74 6 35 43 89 87 84 92 90 23 80 80 61 27 90 13 68 97 38 75 47 8 77 67 41 2 11 89 58 95 73 4 61 72 76 53 30 11 3 22 45 16 71 15 24 10 45 1 41 57 45 36 33 12 42 92 16 76 33 1 27 59 79 69 91 32 14 18 95 89 44 88 52 25 68 36 96 31 61 58 37 99 7 65 35 71 7 54 86 9 90 41 30 52 17 54 68 88 81 82
46 27 85 89 15 85 58 81 76 96 86 22 61 45 83 18 17 69 86 20 17 73 12 12 64 33 50 85 96 15 38 38 90 20 65 17 1 37 29 78 50 65 85 10 42 44 2 1 77 12 2 65 24 85 43 3 87 96 59 90 49 46 71 68 96 59 86 35 60 99 11 23 68 53 93 42 46 63 53 2 13 45 93 88 76 96 51 43 26 95 11 20 55 73 65 7 23 88 93 53
3 36 37 72 17 75 15 29 9 84 94 76 16 83 32 73 67 6 27 90 19 99 50 36 94 85 62 13 86 18 50 72 7 49 78 42 53 21 21 21 50 69 53 56 28 54 26 21 77 56 53 24 10 73 5 10 49 52 39 53 71 76 80 3 67 59 52 20 47 3 33 68 38 25 66 33 20 23 14 73 85 41 17 15 38 65 94 49 19 70 2 62 64 62 57 99 7 48 5 47
73 76 82 32 41 29 66 65 63 86 62 79 78 61 76 76 70 49 14 6 42 21 35 11 80 89 59 62 43 98 45 15 4 77 35 27 23 17 46 65 53 60 80 52 46 81 81 43 58 52 31 14 2 43 76 5 60 86 12 80 22 22 34 65 74 80 73 8 57 96 6 60 15 59 78 39 67 75 90 36 98 55 67 79 27 77 67 89 50 88 40 88 79 37 77 48 55 26 28 60
96 28 57 74 85 34 8 98 8 96 24 7 5 38 20 20 92 53 82 84 91 56 68 70 58 36 85 92 52 24 6 19 4 20 94 53 31 16 8 90 84 72 55 24 82 82 88 39 53 16 97 99 41 18 65 89 75 49 32 85 11 32 94 43 35 64 80 7 89 30 86 83 2 48 72 63 55 26 7 18 73 27 83 5 34 50 86 5 54 50 40 93 38 61 31 54 21 5 54 22
71 22 80 25 78 86 67 7 30 14 99 31 33 80 39 76 19 47 92 70 34 91 26 75 38 96 35 44 36 5 17 38 52 81 2 89 91 76 95 72 71 3 41 81 76 60 68 72 14 56 68 86 65 38 11 3 15 60 1 17 14 52 69 65 71 79 80 47 69 11 46 5 94 22 59 36 30 75 16 38 33 25 56 69 46 8 24 99 62 25 81 83 27 50 33 89 89 40 49 67
32 52 92 43 71 2 25 10 42 53 62 69 5 96 68 83 50 97 86 40 25 41 3 68 47 44 44 76 17 69 75 50 42 67 24 92 15 90 67 27 13 97 75 27 83 91 1 69 75 87 7 52 5 49 32 21 18 59 21 90 43 48 89 72 72 52 26 65 49 72 36 32 24 68 7 69 17 66 16 12 95 17 73 84 87 5 29 57 77 17 89 39 90 7 30 23 86 4 2 8
22 23 42 36 27 59 52 93 52 16 37 60 62 97 8 73 88 26 50 57 82 65 15 96 14 27 89 39 20 55 18 76 98 1 56 92 72 92 51 21 38 7 21 83 45 44 67 32 88 6 82 25 77 51 74 32 72 99 16 63 49 50 69 40 38 28 29 39 38 37 11 63 97 93 30 65 21 46 23 3 90 57 75 24 64 62 39 72 77 71 25 70 63 1 4 32 36 6 29 27
51 8 40 4 13 70 69 55 68 16 49 27 78 53 41 62 27 64 44 45 80 54 33 4 8 30 44 78 70 91 51 5 42 59 78 55 47 71 30 94 35 76 72 10 59 4 40 90 19 14 7 98 32 43 4 79 28 97 23 36 42 18 9 85 1 46 83 89 93 15 83 93 95 5 13 3 91 15 88 63 66 25 93 99 98 88 68 62 92 11 3 63 14 55 37 7 46 29 1 63
74 45 73 55 64 18 38 62 7 28 79 37 35 86 84 48 74 46 64 26 75 16 47 27 77 91 48 40 68 7 80 38 74 18 61 67 11 53 54 39 85 97 86 86 91 91 59 35 32 66 38 24 53 7 18 49 3 58 54 50 34 22 3 82 16 16 50 27 14 48 81 86 93 40 96 55 45 72 23 26 95 74 61 79 72 17 24 7 37 4 81 73 69 87 7 3 58 6 80 85
20 80 9 74 77 44 2 13 85 50 4 15 10 78 99 98 37 67 48 28 45 99 86 28 73 47 40 64 94 9 48 14 83 43 56 32 44 1 73 27 74 16 42 16 21 14 19 23 59 90 56 32 99 84 82 19 82 48 8 90 48 30 58 5 96 32 26 5 99 5 71 53 60 63 60 2 94 12 21 98 47 90 72 17 33 36 44 75 4 41 60 23 44 89 93 81 93 66 38 18
57 3 25 97 87 53 49 7 93 72 15 19 91 32 33 90 18 71 92 6 48 84 62 65 10 4 74 57 69 78 20 47 30 33 16 58 74 29 64 95 30 93 63 69 74 84 64 49 80 79 65 41 14 63 83 62 15 19 93 90 1 74 28 28 65 11 89 5 63 36 97 83 8 85 3 20 87 50 6 64 24 68 59 22 58 87 89 63 75 34 22 82 36 56 1 9 76 14 43 26
30 37 71 61 85 64 79 26 39 55 15 19 71 68 65 66 35 94 55 97 1 86 17 97 99 66 17 96 34 58 63 78 85 62 37 72 23 24 16 53 74 22 2 94 51 66 90 46 71 94 56 84 99 76 35 5 31 27 21 99 66 22 84 56 68 60 39 33 49 43 48 57 78 55 21 38 40 73 17 25 6 74 68 61 88 67 24 48 57 60 70 68 16 13 23 48 80 32 74 49
96 18 62 84 6 33 73 53 90 71 69 52 73 12 33 78 52 44 39 18 80 23 84 5 71 54 50 98 98 81 44 12 56 34 29 17 49 12 40 91 20 97 45 14 64 53 88 69 53 49 47 95 80 85 14 57 45 17 6 86 22 40 83 6 73 23 94 4 42 68 66 90 48 64 29 79 42 22 87 98 75 95 56 50 29 42 67 84 20 13 57 59 9 73 21 95 56 22 34 18
42 21 45 50 56 20 52 75 90 19 63 56 25 6 55 99 26 83 61 8 83 47 29 30 7 22 74 27 84 98 8 97 36 82 86 67 65 70 27 36 92 69 65 76 18 34 73 69 94 94 58 72 93 79 46 97 30 41 14 39 21 37 13 17 4 60 41 25 44 70 47 23 93 37 35 54 82 27 86 15 2 39 25 72 33 86 33 39 62 79 20 10 69 22 85 77 73 71 38 53
81 4 62 28 91 72 87 34 97 44 73 38 79 16 86 49 27 56 41 33 2 38 18 85 94 22 12 3 30 58 96 54 74 89 43 10 85 4 85 43 96 76 74 27 75 75 43 28 93 62 29 46 95 74 44 59 3 36 77 2 36 31 49 20 13 51 26 89 95 69 61 71 87 96 29 79 49 32 15 27 43 83 88 31 29 46 5 5 83 85 62 15 62 69 60 83 14 19 7 45
28 37 36 38 32 13 43 87 58 47 11 88 42 13 22 3 98 55 14 55 55 11 52 48 43 3 22 33 70 81 4 94 35 31 2 7 96 16 73 66 77 90 76 95 56 26 31 32 90 52 78 77 62 57 5 72 8 37 11 14 85 27 86 73 15 14 17 81 92 22 45 74 13 8 21 27 74 59 34 59 3 34 24 89 61 22 61 5 75 54 16 7 17 68 79 70 33 27 43 63
65 43 31 81 4 6 58 92 26 56 64 29 46 10 30 74 39 74 77 77 37 1 35 9 10 89 1 13 4 6 85 16 76 64 50 78 77 8 85 34 82 62 42 70 32 56 59 98 33 41 52 2 64 81 89 37 14 36 36 31 37 66 10 93 14 46 36 37 88 43 88 2 46 43 14 98 87 69 78 93 31 7 80 28 2 64 2 51 72 16 53 62 79 74 1 57 19 23 65 9
76 79 76 90 77 42 78 31 18 88 31 60 56 17 98 19 59 65 52 85 30 47 60 58 97 32 60 21 94 91 52 58 64 43 90 75 34 87 52 82 18 10 72 17 85 25 68 35 23 19 86 2 77 57 20 51 61 58 96 29 63 60 27 59 21 99 81 91 50 91 20 60 95 98 29 63 44 14 19 60 60 8 91 73 65 1 6 60 13 5 58 78 66 75 95 62 19 33 37 90
23 46 9 8 82 13 34 11 85 45 7 59 34 52 47 77 42 12 69 41 35 4 50 98 69 70 45 94 32 47 33 48 93 37 91 6 21 96 3 34 33 7 35 60 14 50 69 93 60 34 63 53 78 25 91 95 13 80 74 97 2 85 22 87 35 2 60 41 73 78 37 93 11 52 34 78 87 33 2 48 81 17 43 63 81 22 84 99 40 39 87 15 58 49 33 54 93 37 56 31
48 27 33 80 94 43 16 56 85 22 63 35 85 88 72 95 27 50 18 37 44 95 36 16 15 62 28 96 62 59 29 54 27 66 99 62 18 79 14 34 22 25 6 26 93 24 53 94 85 60 15 77 41 16 18 72 97 46 92 54 54 49 7 27 50 84 10 12 83 32 22 51 65 67 24 77 88 9 91 78 96 22 35 72 36 64 21 83 71 75 28 51 31 18 21 85 25 90 34 31
43 66 96 47 34 89 9 6 40 38 29 48 8 61 45 95 16 40 52 87 69 54 78 68 76 99 99 29 71 35 49 11 65 86 72 24 88 3 26 38 86 16 99 94 51 41 27 17 66 33 42 56 16 24 81 63 45 81 18 33 69 22 46 24 36 69 1 90 34 67 49 42 76 67 86 5 64 46 91 39 19 83 74 27 69 53 17 56 16 23 46 61 71 57 19 29 95 92 39 1
82 42 32 52 86 65 78 36 58 16 73 81 36 48 35 34 95 43 96 15 34 35 96 73 20 9 33 97 79 93 10 82 62 2 57 43 65 3 79 94 38 6 89 59 47 47 10 74 15 31 71 18 21 48 46 86 82 99 24 76 97 59 97 15 27 75 97 68 86 60 55 41 2 86 86 39 56 79 38 19 67 57 78 74 87 86 88 60 14 40 51 22 43 85 59 42 71 93 27 84
26 23 62 50 93 21 43 9 15 42 3 74 44 25 29 69 60 2 20 48 84 85 12 22 61 74 58 68 60 62 59 79 50 68 84 10 85 30 56 44 68 41 55 94 69 98 37 65 60 69 30 75 17 92 39 44 60 11 14 7 20 63 92 76 85 47 50 14 66 15 84 94 99 65 4 61 12 9 28 69 27 98 82 30 94 23 6 89 14 51 14 23 36 96 63 95 30 54 43 13
91 58 79 26 21 49 50 43 50 30 69 47 87 62 66 24 74 8 12 91 51 97 97 27 51 95 39 85 61 21 49 42 14 97 85 34 87 72 84 26 88 55 64 78 9 26 55 32 88 15 64 25 43 53 46 35 4 52 42 87 48 42 27 77 57 70 49 64 45 76 58 30 39 57 80 31 89 38 98 3 2 6 41 91 45 72 64 70 90 36 15 69 47 4 66 2 35 87 2 26
78 56 51 99 62 69 65 24 2 28 31 53 22 78 61 62 71 16 90 55 85 44 93 61 48 65 63 9 1 67 12 20 88 73 81 24 60 60 59 53 65 17 16 61 91 54 48 72 29 75 23 47 98 19 59 14 34 12 5 68 1 9 25 3 66 36 38 14 90 16 78 68 41 30 39 46 21 76 7 56 66 90 28 21 19 86 39 25 92 82 99 5 73 57 99 45 70 26 59 13
41 76 91 53 17 1 3 48 11 14 11 64 61 43 78 30 72 1 27 12 87 59 61 5 73 30 83 49 14 31 51 99 20 76 11 25 79 85 24 2 1 61 44 55 79 6 86 38 92 38 65 6 2 69 55 72 21 38 86 32 84 73 46 58 61 71 71 48 33 74 10 38 60 61 74 57 2 87 48 60 40 96 84 33 59 65 48 21 73 5 88 20 9 68 55 34 92 79 98 90
99 50 62 39 77 32 49 14 81 87 40 83 52 74 90 85 93 51 46 26 90 49 36 26 21 31 86 93 35 64 29 49 26 30 47 73 48 74 99 23 56 70 95 4 68 40 42 31 87 71 34 29 83 56 17 46 65 55 91 92 44 21 75 68 17 97 32 89 56 27 64 82 35 42 29 26 84 75 23 76 71 14 73 67 74 84 49 79 97 25 86 73 45 50 46 82 56 92 68 76
28 10 99 1 42 29 88 6 70 42 84 33 49 73 42 35 38 76 48 47 85 83 10 78 9 46 85 15 16 13 67 48 46 44 14 58 23 11 87 53 59 57 61 44 69 27 38 63 12 51 91 43 6 86 80 33 20 6 78 54 73 62 79 65 67 18 50 79 67 67 15 94 87 92 28 26 90 29 74 2 37 83 3 27 24 10 89 22 60 10 50 6 65 8 64 75 8 85 96 69
36 24 58 37 52 86 43 14 21 67 52 71 94 73 52 47 37 84 97 8 94 27 13 32 63 90 60 90 94 54 94 51 39 14 68 52 52 35 58 33 88 66 16 85 48 12 1 58 5 96 89 63 30 30 37 85 37 35 40 51 52 24 40 60 68 40 12 37 53 5 11 7 93 41 16 81 34 95 15 68 83 44 23 24 57 40 34 33 39 42 10 46 47 18 33 77 46 64 17 42
51 64 23 63 5 16 22 81 83 87 3 56 66 90 60 20 68 1 67 22 91 54 23 34 42 58 43 22 36 1 89 49 88 64 89 43 94 25 50 93 31 47 64 65 34 39 79 11 17 15 29 46 88 65 93 29 50 45 61 8 55 92 59 80 35 10 77 76 33 11 66 42 69 2 55 45 25 74 11 36 18 9 70 33 72 96 11 96 14 63 23 81 17 35 37 40 76 87 63 17
75 59 86 20 40 71 11 97 73 48 7 39 36 60 78 87 96 82 72 7 89 9 45 13 99 24 66 51 18 25 10 92 34 51 39 88 95 85 40 29 14 23 9 71 94 58 6 82 29 25 44 49 13 37 37 47 64 55 96 78 39 15 78 73 52 7 68 62 61 2 71 34 55 38 23 72 31 49 41 94 11 31 73 30 7 44 69 38 97 3 5 58 53 91 14 77 77 19 95 30
56 64 32 52 22 70 15 12 59 46 74 27 70 69 97 23 12 44 96 32 20 8 61 56 74 51 11 60 11 86 88 46 93 1 43 2 44 40 25 49 61 94 98 23 89 62 86 46 27 75 92 99 28 48 27 83 30 86 73 71 86 42 48 81 23 68 88 27 33 66 49 87 79 69 91 20 55 62 14 56 11 75 64 45 5 36 87 18 49 43 36 35 44 90 93 13 86 15 11 13
46 68 87 3 31 41 45 18 17 79 27 18 40 8 78 38 66 60 74 15 93 92 5 94 29 93 22 17 82 58 17 39 5 19 75 28 18 23 4 96 90 40 6 28 12 18 74 17 44 17 52 79 21 48 68 76 77 96 5 38 82 72 74 71 9 35 25 60 28 92 95 24 89 83 72 95 21 12 30 79 39 99 85 21 72 69 7 31 84 84 62 88 56 86 99 13 39 1 50 57
36 94 56 42 28 92 91 16 37 2 32 20 53 25 84 30 68 26 50 27 8 60 69 62 73 1 63 41 43 77 4 57 45 86 19 1 9 30 85 19 4 50 60 71 22 81 78 93 24 53 80 16 8 68 29 70 44 27 31 62 62 59 30 83 39 55 21 12 5 30 87 93 13 70 66 6 14 85 30 73 52 10 98 73 21 39 32 74 59 70 61 94 40 82 78 32 4 76 15 86
70 42 15 24 43 17 68 63 60 55 45 80 33 20 45 98 94 95 77 26 90 76 76 25 73 43 99 13 47 68 20 47 1 81 37 76 30 9 17 91 2 22 87 65 62 89 36 13 99 37 19 4 16 13 28 56 33 95 82 15 14 5 82 5 21 92 95 53 32 31 77 37 75 10 85 6 29 46 64 87 31 26 65 24 69 1 56 70 75 68 51 83 61 22 82 7 11 28 68 91
84 47 38 97 30 94 36 31 29 53 71 11 68 71 1 97 79 82 17 36 59 2 41 3 49 17 88 14 74 22 75 72 60 63 31 56 74 20 85 66 12 38 67 10 64 36 52 74 30 45 53 19 6 71 22 24 78 19 74 26 77 26 36 41 35 25 67 80 2 31 22 3 21 78 14 99 59 60 26 36 11 37 80 64 16 95 99 87 71 20 18 20 23 89 65 80 80 63 11 16
12 38 91 9 37 49 21 84 54 5 11 90 42 54 2 25 90 96 54 71 34 82 17 72 77 17 56 76 14 43 64 67 81 10 78 22 29 84 21 4 20 85 15 53 82 60 76 42 17 67 73 25 46 19 51 7 29 14 95 8 30 70 23 43 21 62 45 24 16 27 16 67 83 13 71 33 5 70 87 64 55 97 18 97 49 58 92 31 70 87 80 54 50 40 71 51 16 90 57 18
11 46 83 46 88 28 81 33 36 36 93 30 66 11 52 66 66 90 82 38 30 49 30 34 65 49 95 98 71 40 58 71 70 35 43 51 86 89 96 80 73 80 99 45 89 84 99 76 59 59 66 27 13 59 43 39 55 54 90 84 93 63 83 66 61 9 1 81 9 58 43 22 27 41 6 26 66 74 39 61 54 10 32 97 65 62 54 48 69 72 94 71 52 51 22 69 88 97 7 48
44 8 7 77 51 3 2 76 71 9 10 50 11 96 58 1 28 94 68 69 28 34 12 17 6 22 21 79 50 43 22 1 68 24 34 64 78 4 24 41 5 6 91 81 25 26 85 76 11 68 26 19 23 94 79 47 10 61 88 37 89 62 69 98 76 20 30 48 83 13 16 82 37 72 20 18 36 58 24 40 29 33 99 56 42 90 29 39 13 28 34 28 22 56 61 31 97 33 41 82
63 19 71 42 87 90 4 82 72 86 2 60 50 1 49 55 45 98 31 20 25 17 15 64 54 33 43 40 14 81 85 3 20 90 57 17 27 94 4 9 55 14 68 53 31 16 94 8 60 96 98 29 66 54 40 91 70 76 75 43 27 10 11 72 48 35 60 86 83 86 37 43 68 42 91 8 27 68 39 86 53 26 73 17 68 31 19 96 20 51 23 48 63 97 21 92 23 88 6 8
52 3 50 53 81 69 82 95 86 28 47 52 77 21 37 9 49 41 79 73 63 8 33 20 83 68 65 2 17 20 57 73 59 73 66 37 87 10 3 10 36 83 20 70 84 84 19 63 61 12 66 29 49 88 95 54 16 38 70 10 56 22 3 10 7 12 30 84 76 6 99 14 90 53 15 89 37 34 18 72 42 9 44 62 50 67 29 91 72 67 6 45 39 31 90 14 68 35 17 61
88 63 77 17 60 64 99 98 84 39 44 14 20 19 96 62 16 69 48 36 97 97 43 15 32 86 3 59 79 43 32 62 53 18 24 29 68 19 3 25 16 93 53 7 63 98 92 17 83 40 97 13 90 22 18 10 64 42 45 28 59 18 75 36 17 82 68 86 97 2 75 6 5 95 77 63 13 8 81 25 93 84 46 68 60 25 77 88 34 7 33 83 14 3 5 25 66 37 2 72
65 61 59 7 96 36 89 75 57 47 70 92 66 41 30 63 15 21 73 17 89 62 89 97 1 95 43 12 78 42 78 16 65 53 93 67 9 43 51 97 19 98 70 44 88 58 12 55 37 66 34 23 29 57 96 9 96 66 76 23 55 40 49 74 33 28 28 62 12 61 65 27 86 91 44 52 96 57 71 91 60 65 84 57 51 98 63 18 62 98 51 47 11 20 93 41 37 58 5 52
